20, 20, 1
1=Dirt
2=PlaceHolder
~
[1][1][1][1][1][1][2][1][1][1][1][1][1][2][1][1][1][1][1][1]
[1][1][1][1][1][1][2][1][1][1][1][1][1][2][1][1][1][1][1][1]
[1][1][1][1][1][1][2][1][1][1][1][1][1][2][1][1][1][1][1][1]
[1][1][1][1][1][1][2][1][1][1][1][1][1][2][1][1][1][1][1][1]
[1][1][1][1][1][1][2][1][1][1][1][1][1][2][1][1][1][1][1][1]
[1][1][1][1][1][1][2][1][1][1][1][1][1][2][1][1][1][1][1][1]
[1][1][1][1][1][1][2][1][1][1][1][1][1][2][1][1][1][1][1][1]
[1][1][1][1][1][1][1][1][1][1][1][1][1][1][1][1][1][1][1][1]
[1][1][1][1][1][1][1][1][1][1][1][1][1][1][1][1][1][1][1][1]
[1][1][1][2][1][1][1][1][1][1][1][1][1][1][1][1][2][1][1][1]
[1][1][1][1][2][1][1][1][1][1][1][1][1][1][1][2][1][1][1][1]
[1][1][1][1][1][2][1][1][1][1][1][1][1][1][2][1][1][1][1][1]
[1][1][1][1][1][1][2][1][1][1][1][1][1][2][1][1][1][1][1][1]
[1][1][1][1][1][1][1][2][2][2][2][2][2][1][1][1][1][1][1][1]
[1][1][1][1][1][1][1][1][1][1][1][1][1][1][1][1][1][1][1][1]
[1][1][1][1][1][1][1][1][1][1][1][1][1][1][1][1][1][1][1][1]
[1][1][1][1][1][1][1][1][1][1][1][1][1][1][1][1][1][1][1][1]
[1][1][1][1][1][1][1][1][1][1][1][1][1][1][1][1][1][1][1][1]
[1][1][1][1][1][1][1][1][1][1][1][1][1][1][1][1][1][1][1][1]
[1][1][1][1][1][1][1][1][1][1][1][1][1][1][1][1][1][1][1][1]