10, 10, 4
#legend
1=Dirt
~
[1][1][1][1][1][1][1][1][1][1]
[1][1][1][1][1][1][1][1][1][1]
[1][1][1][1][1][1][1][1][1][1]
[1][1][1][1][1][1][1][1][1][1]
[1][1][1][1][1][1][1][1][1][1]
[1][1][1][1][1][1][1][1][1][1]
[1][1][1][1][1][1][1][1][1][1]
[1][1][1][1][1][1][1][1][1][1]
[1][1][1][1][1][1][1][1][1][1]
[1][1][1][1][1][1][1][1][1][1]
~
[ ][ ][ ][ ][ ][ ][ ][ ][ ][ ]
[ ][1][1][1][1][1][1][1][1][ ]
[ ][ ][ ][ ][ ][ ][ ][ ][ ][ ]
[ ][ ][ ][ ][ ][ ][ ][ ][ ][ ]
[ ][ ][ ][ ][ ][ ][ ][ ][ ][ ]
[ ][ ][ ][ ][ ][ ][ ][ ][ ][ ]
[ ][ ][ ][ ][ ][ ][ ][ ][ ][ ]
[ ][ ][ ][ ][ ][ ][ ][ ][ ][ ]
[ ][1][1][1][1][1][1][1][1][ ]
[ ][ ][ ][ ][ ][ ][ ][ ][ ][ ]
~
[ ][ ][ ][ ][ ][ ][ ][ ][ ][ ]
[ ][1][1][1][1][1][1][1][1][ ]
[ ][ ][ ][1][1][1][1][ ][ ][ ]
[ ][ ][ ][1][1][1][1][ ][ ][ ]
[ ][ ][ ][1][1][1][1][ ][ ][ ]
[ ][ ][ ][1][1][1][1][ ][ ][ ]
[ ][ ][ ][1][1][1][1][ ][ ][ ]
[ ][ ][ ][1][1][1][1][ ][ ][ ]
[ ][1][1][1][1][1][1][1][1][ ]
[ ][ ][ ][ ][ ][ ][ ][ ][ ][ ]
~
[ ][ ][ ][ ][ ][ ][ ][ ][ ][ ]
[ ][ ][1][ ][ ][ ][ ][1][ ][ ]
[ ][ ][ ][ ][ ][ ][ ][ ][ ][ ]
[ ][ ][ ][ ][ ][ ][ ][ ][ ][ ]
[ ][ ][ ][ ][ ][ ][ ][ ][ ][ ]
[ ][ ][ ][ ][ ][ ][ ][ ][ ][ ]
[ ][ ][ ][ ][ ][ ][ ][ ][ ][ ]
[ ][ ][ ][ ][ ][ ][ ][ ][ ][ ]
[ ][ ][1][ ][ ][ ][ ][1][ ][ ]
[ ][ ][ ][ ][ ][ ][ ][ ][ ][ ]